0.000000000000000000e+00,0.000000000000000000e+00,1.676788472212514023e+02
0.000000000000000000e+00,0.000000000000000000e+00,1.411854627192296050e+02
0.000000000000000000e+00,0.000000000000000000e+00,1.234075290918394785e+02
0.000000000000000000e+00,0.000000000000000000e+00,1.114390900078756061e+02
0.000000000000000000e+00,0.000000000000000000e+00,1.025407998351026464e+02
0.000000000000000000e+00,0.000000000000000000e+00,9.512901351941616213e+01
0.000000000000000000e+00,5.736138600041739366e+00,8.823040534556257342e+01
3.320000000000000000e+02,1.900940291058256548e+01,8.106410417476439534e+01
6.130000000000000000e+02,3.199701948512657168e+01,7.272321199276815662e+01
6.080000000000000000e+02,4.430599942128659308e+01,6.176069712619258922e+01
6.050000000000000000e+02,5.509257278969679561e+01,4.549390548921937949e+01
6.210000000000000000e+02,6.241831182253586263e+01,1.994928983441763037e+01
6.310000000000000000e+02,6.322665406306091995e+01,3.467909060614390455e+02
6.590000000000000000e+02,5.703153060036065369e+01,3.190260219407605859e+02
6.670000000000000000e+02,4.676445304679911885e+01,3.011227528645893017e+02
7.150000000000000000e+02,3.468342872637849439e+01,2.893169556841369285e+02
7.250000000000000000e+02,2.179789697353358946e+01,2.805698944240652963e+02
4.050000000000000000e+02,8.562801434443345627e+00,2.732407905520140048e+02
0.000000000000000000e+00,0.000000000000000000e+00,2.663501137067775062e+02
0.000000000000000000e+00,0.000000000000000000e+00,2.591169293295524199e+02
0.000000000000000000e+00,0.000000000000000000e+00,2.506376416041906907e+02
0.000000000000000000e+00,0.000000000000000000e+00,2.395032682913470694e+02
0.000000000000000000e+00,0.000000000000000000e+00,2.232491337227369570e+02
0.000000000000000000e+00,0.000000000000000000e+00,1.986543476254192058e+02
0.000000000000000000e+00,0.000000000000000000e+00,1.173584872787846223e+02
0.000000000000000000e+00,0.000000000000000000e+00,9.549098117111462614e+01
0.000000000000000000e+00,0.000000000000000000e+00,8.784487837745413685e+01
0.000000000000000000e+00,0.000000000000000000e+00,8.229340788812733365e+01
0.000000000000000000e+00,0.000000000000000000e+00,7.714720021963475460e+01
0.000000000000000000e+00,0.000000000000000000e+00,7.178948315684128545e+01
0.000000000000000000e+00,0.000000000000000000e+00,6.579724227013541338e+01
0.000000000000000000e+00,7.503271445418802976e+00,5.873112505643255332e+01
4.040000000000000000e+02,1.835910096291711469e+01,5.004849919580950512e+01
8.150000000000000000e+02,2.774211632472429301e+01,3.909616484826447902e+01
8.830000000000000000e+02,3.488201413100642156e+01,2.530684685950464896e+01
9.110000000000000000e+02,3.882235762134791202e+01,8.807836758926974596e+00
9.220000000000000000e+02,3.881455051872315920e+01,3.511256525346824446e+02
9.210000000000000000e+02,3.486027718953275212e+01,3.346350318572396532e+02
9.000000000000000000e+02,2.771006690422318997e+01,3.208569937927753699e+02
8.350000000000000000e+02,1.832015066535964820e+01,3.099145643545273856e+02
4.110000000000000000e+02,7.459847032059912841e+00,3.012392857653164810e+02
0.000000000000000000e+00,0.000000000000000000e+00,2.941782058526288210e+02
0.000000000000000000e+00,0.000000000000000000e+00,2.881891688685925601e+02
0.000000000000000000e+00,0.000000000000000000e+00,2.828330903162898835e+02
0.000000000000000000e+00,0.000000000000000000e+00,2.776867500230191581e+02
0.000000000000000000e+00,0.000000000000000000e+00,2.721318123985619195e+02
0.000000000000000000e+00,0.000000000000000000e+00,2.644699500392349591e+02
0.000000000000000000e+00,0.000000000000000000e+00,2.424434147867119407e+02
0.000000000000000000e+00,0.000000000000000000e+00,1.703102880713166201e+02
0.000000000000000000e+00,0.000000000000000000e+00,1.539255903482597034e+02
0.000000000000000000e+00,0.000000000000000000e+00,1.402868107517604415e+02
0.000000000000000000e+00,0.000000000000000000e+00,1.294656805426832875e+02
0.000000000000000000e+00,0.000000000000000000e+00,1.208800950269046126e+02
0.000000000000000000e+00,4.925530129111847621e+00,1.138804615351054963e+02
3.470000000000000000e+02,1.738636250829614127e+01,1.079305404054574780e+02
2.420000000000000000e+02,3.025220849049514626e+01,1.025945246852998025e+02
7.810000000000000000e+02,4.338298777716497057e+01,9.744659085008775889e+01
4.890000000000000000e+02,5.667122574578459648e+01,9.184873985273917185e+01
2.760000000000000000e+02,6.999381864390991836e+01,8.398795711515778351e+01
9.000000000000000000e+00,8.281542342162404680e+01,5.984084821753391736e+01
0.000000000000000000e+00,8.166297791417102303e+01,2.950692750480684481e+02
9.200000000000000000e+01,6.870020383227793559e+01,2.750123135123676548e+02
1.200000000000000000e+01,5.537251905255752149e+01,2.675549825987182544e+02
1.200000000000000000e+01,4.209508651861785467e+01,2.620458081752678368e+02
0.000000000000000000e+00,2.898511708789045116e+01,2.569012398745554151e+02
0.000000000000000000e+00,1.615178101148386247e+01,2.515232834602431353e+02
0.000000000000000000e+00,3.740062523216435064e+00,2.454913762541596327e+02
0.000000000000000000e+00,0.000000000000000000e+00,2.383628541014469704e+02
0.000000000000000000e+00,0.000000000000000000e+00,2.295892899371822011e+02
0.000000000000000000e+00,0.000000000000000000e+00,2.185147716202906452e+02
0.000000000000000000e+00,0.000000000000000000e+00,2.045874750611966135e+02
0.000000000000000000e+00,0.000000000000000000e+00,1.879882334298426372e+02
0.000000000000000000e+00,6.383394092220492411e+01,1.478779333471098152e-06
0.000000000000000000e+00,3.933359178403152612e+01,8.537736462515938709e-07
0.000000000000000000e+00,8.622956644684734329e+01,5.790574599774373571e-06
0.000000000000000000e+00,6.383394092220492411e+01,3.600000000000000000e+02
0.000000000000000000e+00,3.933359178403152612e+01,3.600000000000000000e+02
0.000000000000000000e+00,8.622956644684734329e+01,3.600000000000000000e+02
